# relative_time, cycles_done, cur_item, corpus_count, pending_total, pending_favs, map_size, saved_crashes, saved_hangs, max_depth, execs_per_sec, total_execs, edges_found
61, 23, 7, 8, 0, 0, 0.03%, 0, 0, 7, 6353.50, 386365, 17
66, 25, 7, 8, 0, 0, 0.03%, 0, 0, 7, 6354.48, 419157, 17
72, 26, 7, 8, 0, 0, 0.03%, 0, 0, 7, 6359.83, 451713, 17
77, 28, 7, 8, 0, 0, 0.03%, 0, 0, 7, 6362.88, 484458, 17
82, 29, 7, 8, 0, 0, 0.03%, 0, 0, 7, 6359.53, 517133, 17
87, 30, 3, 8, 0, 0, 0.03%, 0, 0, 7, 6362.75, 549783, 17
92, 31, 8, 9, 1, 1, 0.03%, 0, 0, 8, 6354.93, 582541, 19
97, 31, 9, 10, 0, 0, 0.03%, 0, 0, 9, 6365.43, 614477, 21
102, 33, 8, 10, 0, 0, 0.03%, 0, 0, 9, 6367.42, 647056, 21
107, 34, 9, 10, 0, 0, 0.03%, 0, 0, 9, 6318.26, 679646, 21
113, 35, 8, 10, 0, 0, 0.03%, 0, 0, 9, 6365.05, 712503, 21
118, 35, 9, 10, 0, 0, 0.03%, 0, 0, 9, 6355.71, 745175, 21
123, 36, 9, 10, 0, 0, 0.03%, 0, 0, 9, 6361.36, 777977, 21
128, 37, 9, 10, 0, 0, 0.03%, 0, 0, 9, 6366.08, 810677, 21
133, 38, 2, 10, 0, 0, 0.03%, 0, 0, 9, 6374.96, 843436, 21
138, 39, 9, 10, 0, 0, 0.03%, 0, 0, 9, 6358.57, 875997, 21
143, 39, 9, 11, 0, 0, 0.04%, 0, 0, 10, 6378.26, 908864, 23
148, 40, 9, 11, 0, 0, 0.04%, 0, 0, 10, 6364.18, 941367, 23
154, 41, 9, 11, 0, 0, 0.04%, 0, 0, 10, 6360.02, 974079, 23
159, 42, 11, 12, 1, 1, 0.04%, 0, 0, 11, 6369.03, 1006956, 25
164, 43, 12, 13, 0, 0, 0.04%, 0, 0, 12, 6382.45, 1039905, 27
169, 43, 11, 13, 0, 0, 0.04%, 0, 0, 12, 6359.20, 1072524, 27
174, 44, 12, 13, 0, 0, 0.04%, 0, 0, 12, 6368.10, 1105285, 27
179, 44, 12, 13, 0, 0, 0.04%, 0, 0, 12, 6362.63, 1137772, 27
184, 45, 12, 13, 0, 0, 0.04%, 0, 0, 12, 6353.55, 1170054, 27
190, 46, 12, 13, 0, 0, 0.04%, 0, 0, 12, 6346.02, 1202602, 27
195, 46, 4, 13, 0, 0, 0.04%, 0, 0, 12, 6349.57, 1235376, 27
200, 47, 11, 13, 0, 0, 0.04%, 0, 0, 12, 6346.75, 1268096, 27
205, 47, 11, 13, 0, 0, 0.04%, 0, 0, 12, 6356.96, 1300733, 27
210, 48, 12, 13, 0, 0, 0.04%, 0, 0, 12, 6360.71, 1333277, 27
215, 49, 11, 13, 0, 0, 0.04%, 0, 0, 12, 6364.06, 1365966, 27
220, 49, 12, 13, 0, 0, 0.04%, 0, 0, 12, 6350.14, 1398492, 27
226, 50, 12, 13, 0, 0, 0.04%, 0, 0, 12, 6266.30, 1430753, 27
231, 50, 12, 13, 0, 0, 0.04%, 0, 0, 12, 6343.82, 1463774, 27
236, 51, 12, 13, 0, 0, 0.04%, 0, 0, 12, 6350.00, 1496355, 27
241, 52, 12, 13, 0, 0, 0.04%, 0, 0, 12, 6351.91, 1529329, 27
246, 52, 12, 13, 0, 0, 0.04%, 0, 0, 12, 6356.95, 1561917, 27
251, 53, 8, 13, 0, 0, 0.04%, 0, 0, 12, 6347.01, 1594453, 27
256, 53, 12, 13, 0, 0, 0.04%, 0, 0, 12, 6353.21, 1626976, 27
262, 54, 9, 13, 0, 0, 0.04%, 0, 0, 12, 6364.96, 1659811, 27
267, 54, 8, 13, 0, 0, 0.04%, 0, 0, 12, 6362.20, 1692140, 27
272, 55, 10, 13, 0, 0, 0.04%, 0, 0, 12, 6356.67, 1724596, 27
277, 56, 12, 13, 0, 0, 0.04%, 0, 0, 12, 6370.99, 1757211, 27
282, 57, 11, 13, 0, 0, 0.04%, 0, 0, 12, 6368.37, 1789712, 27
287, 58, 12, 13, 0, 0, 0.04%, 0, 0, 12, 6307.41, 1822141, 27
292, 58, 12, 13, 0, 0, 0.04%, 0, 0, 12, 6341.84, 1854896, 27
297, 59, 12, 13, 0, 0, 0.04%, 0, 0, 12, 6356.97, 1887610, 27
303, 59, 10, 13, 0, 0, 0.04%, 0, 0, 12, 6357.70, 1919922, 27
308, 60, 11, 13, 0, 0, 0.04%, 0, 0, 12, 6354.52, 1952360, 27
313, 60, 12, 13, 0, 0, 0.04%, 0, 0, 12, 6358.90, 1984863, 27
318, 61, 12, 13, 0, 0, 0.04%, 0, 0, 12, 6366.21, 2017282, 27
323, 62, 12, 13, 0, 0, 0.04%, 0, 0, 12, 6358.97, 2049886, 27
328, 62, 10, 13, 0, 0, 0.04%, 0, 0, 12, 6369.27, 2082637, 27
333, 63, 12, 13, 0, 0, 0.04%, 0, 0, 12, 6355.54, 2114953, 27
338, 64, 12, 13, 0, 0, 0.04%, 0, 0, 12, 5716.82, 2143488, 27
344, 64, 12, 13, 0, 0, 0.04%, 0, 0, 12, 6133.86, 2176000, 27
349, 65, 5, 13, 0, 0, 0.04%, 0, 0, 12, 6183.19, 2207215, 27
354, 65, 12, 13, 0, 0, 0.04%, 0, 0, 12, 6160.53, 2238998, 27
359, 66, 5, 14, 0, 0, 0.04%, 0, 0, 13, 5947.67, 2269875, 29
364, 66, 13, 14, 0, 0, 0.04%, 0, 0, 13, 6263.19, 2302497, 29
369, 67, 11, 14, 0, 0, 0.04%, 0, 0, 13, 6327.90, 2335152, 29
374, 67, 13, 14, 0, 0, 0.04%, 0, 0, 13, 6348.85, 2367640, 29
380, 68, 9, 14, 0, 0, 0.04%, 0, 0, 13, 6344.47, 2400246, 29
385, 69, 13, 14, 0, 0, 0.04%, 0, 0, 13, 6349.65, 2433123, 29
390, 69, 13, 14, 0, 0, 0.04%, 0, 0, 13, 6347.85, 2465565, 29
395, 69, 13, 15, 1, 0, 0.05%, 0, 0, 14, 6343.13, 2498371, 31
400, 69, 14, 15, 0, 0, 0.05%, 0, 0, 14, 6369.12, 2530265, 31
405, 70, 14, 15, 0, 0, 0.05%, 0, 0, 14, 6336.62, 2562704, 31
410, 70, 12, 15, 0, 0, 0.05%, 0, 0, 14, 6350.52, 2595382, 31
415, 70, 14, 15, 0, 0, 0.05%, 0, 0, 14, 6366.93, 2628557, 31
421, 71, 14, 15, 0, 0, 0.05%, 0, 0, 14, 6354.46, 2660906, 31
426, 71, 14, 15, 0, 0, 0.05%, 0, 0, 14, 6348.95, 2692915, 31
431, 71, 14, 15, 0, 0, 0.05%, 0, 0, 14, 6350.17, 2725551, 31
436, 71, 14, 15, 0, 0, 0.05%, 0, 0, 14, 6352.92, 2757947, 31
441, 71, 14, 15, 0, 0, 0.05%, 0, 0, 14, 6349.13, 2790562, 31
446, 72, 12, 15, 0, 0, 0.05%, 0, 0, 14, 6346.96, 2823008, 31
451, 72, 14, 15, 0, 0, 0.05%, 0, 0, 14, 6350.62, 2856128, 31
457, 72, 14, 15, 0, 0, 0.05%, 0, 0, 14, 6360.64, 2889214, 31
462, 73, 14, 15, 0, 0, 0.05%, 0, 0, 14, 6352.61, 2922188, 31
467, 73, 12, 15, 0, 0, 0.05%, 0, 0, 14, 6286.45, 2953870, 31
472, 74, 14, 15, 0, 0, 0.05%, 0, 0, 14, 6336.60, 2986855, 31
477, 74, 14, 15, 0, 0, 0.05%, 0, 0, 14, 6363.40, 3019960, 31
482, 74, 12, 15, 0, 0, 0.05%, 0, 0, 14, 6353.31, 3052750, 31
487, 75, 14, 15, 0, 0, 0.05%, 0, 0, 14, 6363.86, 3084846, 31
493, 75, 14, 15, 0, 0, 0.05%, 0, 0, 14, 6359.71, 3117927, 31
498, 75, 12, 15, 0, 0, 0.05%, 0, 0, 14, 6359.72, 3150126, 31
503, 76, 11, 15, 0, 0, 0.05%, 0, 0, 14, 6355.50, 3183155, 31
508, 76, 12, 15, 0, 0, 0.05%, 0, 0, 14, 6351.66, 3215056, 31
513, 77, 14, 15, 0, 0, 0.05%, 0, 0, 14, 6354.49, 3247311, 31
518, 77, 12, 15, 0, 0, 0.05%, 0, 0, 14, 6355.02, 3279554, 31
523, 77, 8, 15, 0, 0, 0.05%, 0, 0, 14, 6372.08, 3311573, 31
528, 77, 14, 15, 0, 0, 0.05%, 0, 0, 14, 6350.38, 3344169, 31
533, 78, 11, 15, 0, 0, 0.05%, 0, 0, 14, 6348.28, 3376469, 31
538, 78, 14, 15, 0, 0, 0.05%, 0, 0, 14, 6352.67, 3408273, 31
543, 79, 14, 15, 0, 0, 0.05%, 0, 0, 14, 6363.83, 3441216, 31
549, 79, 14, 15, 0, 0, 0.05%, 0, 0, 14, 6348.88, 3474250, 31
554, 79, 10, 15, 0, 0, 0.05%, 0, 0, 14, 6357.51, 3506968, 31
559, 80, 12, 15, 0, 0, 0.05%, 0, 0, 14, 6347.74, 3538813, 31
564, 80, 11, 15, 0, 0, 0.05%, 0, 0, 14, 6354.25, 3570710, 31
569, 80, 14, 15, 0, 0, 0.05%, 0, 0, 14, 6355.89, 3602531, 31
574, 81, 14, 15, 0, 0, 0.05%, 0, 0, 14, 6351.98, 3635572, 31
579, 81, 12, 15, 0, 0, 0.05%, 0, 0, 14, 6354.74, 3667705, 31
584, 81, 11, 15, 0, 0, 0.05%, 0, 0, 14, 5855.67, 3696169, 31
589, 82, 14, 15, 0, 0, 0.05%, 0, 0, 14, 5719.90, 3723068, 31
594, 82, 14, 15, 0, 0, 0.05%, 0, 0, 14, 6215.16, 3754804, 31
599, 82, 14, 15, 0, 0, 0.05%, 0, 0, 14, 6325.86, 3787680, 31
605, 83, 12, 15, 0, 0, 0.05%, 0, 0, 14, 6316.33, 3820381, 31
610, 83, 12, 15, 0, 0, 0.05%, 0, 0, 14, 6327.32, 3853282, 31
615, 84, 14, 15, 0, 0, 0.05%, 0, 0, 14, 6334.72, 3885157, 31
620, 84, 14, 15, 0, 0, 0.05%, 0, 0, 14, 6310.47, 3916693, 31
625, 84, 14, 15, 0, 0, 0.05%, 0, 0, 14, 6329.57, 3949130, 31
630, 84, 14, 15, 0, 0, 0.05%, 0, 0, 14, 6326.06, 3981669, 31
632, 84, 12, 15, 0, 0, 0.05%, 0, 0, 14, 6189.87, 3991291, 31
